106
Candidatus_Brocadia_sp.                      0.0000000 0.9413832 0.9627210 1.0696056 1.1125396 1.0943848 1.1960668 1.1099858 1.0471305 1.0461631 1.0997845 1.1602715 1.0687535 1.1219950 1.1313507 1.1124335 1.2222664 1.2259178 1.0201069 1.0014297 0.9965531 1.0080637 1.1362616 1.1182092 1.1279434 1.1397417 1.1335713 1.1305593 1.1316987 1.1280662 1.1205706 1.1007411 1.0960522 1.1205823 1.1151147 1.1043255 1.1104487 1.1173781 1.1164029 1.0985773 1.0753483 1.0796988 1.0899900 1.0870162 1.1412278 1.1402115 1.0796361 0.9984744 1.1066558 1.3304319 1.3040613 1.3399561 1.3226363 1.3730460 1.2675604 1.2799455 1.3394960 1.3262810 1.3625749 1.3841122 1.3467223 1.2678300 1.3486673 1.3195756 1.2708306 1.3399220 1.2922944 1.3746271 1.2973310 1.3563573 1.3636141 1.3604560 1.3290284 1.3508384 1.3558765 1.3592791 1.3662406 1.4272885 1.3658783 1.3728527 1.4664678 1.4422866 1.4385313 1.4414505 1.4476561 1.4388233 1.4284609 1.4280182 1.4417060 1.4020847 1.4221406 1.4671307 1.4359350 1.4368400 1.4552632 1.4197215 1.4127370 1.3815864 1.4366733 1.5333137 1.4726038 1.1658889 1.2115578 1.2777635 1.3190520 1.4198156 
Candidatus_Brocadiae_bacterium               0.9413832 0.0000000 1.0944426 1.1140480 1.1556943 1.1440278 1.2210005 1.1337516 1.0950505 1.0965793 1.1364714 1.1913186 1.1186000 1.1643113 1.1753202 1.1708707 1.2758516 1.2905767 1.0619454 1.0385478 1.0545188 1.0746953 1.1992696 1.1984813 1.2167934 1.2262819 1.2138082 1.2175304 1.2115723 1.2024761 1.2165798 1.1796969 1.1849309 1.1969645 1.1995401 1.1984059 1.1898404 1.1934358 1.1665782 1.1605055 1.1524334 1.1325898 1.1422761 1.1318829 1.2362519 1.1713527 1.1364443 1.0609737 1.1973452 1.4476045 1.4214557 1.4462500 1.3839478 1.4774885 1.3924417 1.3913970 1.4513158 1.4243281 1.4609843 1.4829717 1.4150078 1.3616180 1.4458832 1.4130032 1.4191656 1.4113272 1.4169081 1.4903837 1.4077505 1.5051804 1.4809446 1.4609419 1.4376616 1.4827508 1.4811922 1.4378361 1.4610791 1.5304489 1.4900095 1.4663937 1.5710229 1.5481442 1.5283285 1.5620502 1.5879484 1.5621804 1.5748007 1.5393551 1.5477008 1.5249211 1.5285565 1.5761082 1.5067194 1.5136283 1.4916592 1.4925445 1.4818762 1.4530870 1.4346344 1.6091810 1.5599221 1.1787000 1.2835534 1.3305868 1.4198967 1.4758852 
Sedimentisphaerales_bacterium                0.9627210 1.0944426 0.0000000 1.0107330 1.0146303 1.0081447 1.1391611 1.0274098 0.9697997 0.9639755 1.0198723 1.0283795 0.9525976 1.0298462 1.0374980 1.0484355 1.0795531 1.0987776 0.9741535 0.9704202 0.9460796 0.9490705 1.0441713 1.0267486 1.0217278 1.0488775 1.0173679 1.0274407 1.0276321 1.0271857 1.0435681 1.0161373 1.0284254 1.0334638 1.0081713 1.0013854 1.0147599 1.0129479 1.0020849 1.0059473 1.0084923 1.0121699 1.0173874 0.9617012 1.0994393 1.0428319 0.9707872 0.9619077 0.8931542 1.3487093 1.3706393 1.3709195 1.3268118 1.3994458 1.3096980 1.2793410 1.3251592 1.3181639 1.3534839 1.3819651 1.3808879 1.3376281 1.3820472 1.3378201 1.3774191 1.3347964 1.3122992 1.4154647 1.3131280 1.4087385 1.3987860 1.3742312 1.3614607 1.4149737 1.4020344 1.3894638 1.3886401 1.4525269 1.4033366 1.3486633 1.5030894 1.5257936 1.5090413 1.5083299 1.5042772 1.5217392 1.5325904 1.5109059 1.5210202 1.4515087 1.4568417 1.4812564 1.4654210 1.4287003 1.4408502 1.4348012 1.3982720 1.4205544 1.3893303 1.5138963 1.5079768 1.0889813 1.2738048 1.0383921 1.2195606 1.4511588 
Gimesia_maris                                1.0696056 1.1140480 1.0107330 0.0000000 0.4375991 0.5050091 0.5988452 0.4561689 0.3992335 0.4033901 0.4266028 0.4922519 0.4126561 0.5031723 0.5185135 0.4574530 0.5215172 0.5415751 0.7900776 0.7365880 0.7253296 0.7261759 0.7584622 0.7330020 0.7347893 0.7374919 0.7457427 0.7408443 0.7487144 0.7428502 0.7443640 0.7199342 0.7226785 0.7370842 0.7047339 0.7396813 0.7485756 0.7482176 0.7266514 0.7186246 0.7278881 0.7280932 0.7403084 0.7406888 0.7769987 0.7475972 0.7018762 0.7911428 1.0337015 1.4116486 1.3717459 1.3799035 1.3556448 1.3876259 1.2835975 1.2815136 1.3733394 1.3307918 1.3517882 1.3902034 1.3692916 1.3645971 1.3907571 1.3717805 1.3823683 1.3619204 1.3351379 1.4415480 1.3438106 1.4234761 1.4319574 1.3954742 1.3986966 1.4427663 1.4418571 1.3802859 1.3980424 1.4426600 1.4035935 1.3610028 1.4917731 1.5066712 1.5007737 1.4840755 1.5088542 1.5067312 1.5055686 1.4822879 1.4923982 1.4235685 1.4317284 1.5330321 1.4788931 1.4499138 1.4677348 1.4504615 1.4029279 1.4446810 1.4632198 1.5930799 1.5446686 0.9146270 1.3407815 1.1209424 1.2873654 1.4429561 
Rubinisphaera_brasiliensis_DSM_5305          1.1125396 1.1556943 1.0146303 0.4375991 0.0000000 0.5282549 0.6316995 0.5400682 0.4442593 0.4436698 0.4731556 0.5021760 0.3790768 0.4860672 0.5183985 0.5013789 0.5671513 0.5941371 0.8099013 0.7558666 0.7430693 0.7292001 0.7691317 0.7422211 0.7543234 0.7695047 0.7601329 0.7670416 0.7706907 0.7693492 0.7705049 0.7541167 0.7434111 0.7669313 0.7362453 0.7652694 0.7729416 0.7830232 0.7394080 0.7525376 0.7457161 0.7441467 0.7575068 0.7617110 0.8171322 0.7968635 0.7463283 0.8050777 1.0338396 1.4351767 1.3913058 1.4045585 1.3848848 1.3804124 1.3144770 1.2715896 1.3648165 1.3430130 1.3625699 1.4072436 1.3785124 1.3758584 1.4123996 1.3666717 1.3825149 1.3599548 1.3280110 1.4687892 1.3876961 1.4540589 1.4537920 1.4349985 1.4332904 1.4594354 1.4607195 1.4005300 1.3969956 1.4698290 1.4084216 1.3652996 1.4874819 1.4853896 1.4807047 1.4740838 1.4970335 1.4660074 1.4868977 1.4645677 1.4737164 1.4037178 1.4014545 1.5216500 1.4573089 1.3966345 1.4382986 1.4311128 1.3950171 1.4342286 1.4012203 1.5489636 1.5131450 0.9235784 1.3440062 1.1180295 1.2690757 1.4174603 
Planctopirus_limnophila_DSM_3776             1.0943848 1.1440278 1.0081447 0.5050091 0.5282549 0.0000000 0.4485438 0.5517601 0.5125064 0.5163427 0.5469767 0.5383938 0.4974819 0.5625947 0.5647548 0.5717165 0.6357799 0.6659955 0.7841034 0.7390426 0.7352317 0.7522889 0.7780417 0.7696940 0.7764583 0.7879169 0.7895992 0.7926604 0.7998206 0.7844646 0.7757083 0.7619627 0.7651045 0.7877556 0.7542739 0.7804493 0.7796175 0.7800096 0.7299681 0.7341452 0.7709084 0.7731427 0.7826931 0.7560274 0.7799273 0.8034761 0.7322099 0.7863268 1.0372473 1.4351038 1.3960659 1.4215526 1.3841334 1.4461347 1.3582701 1.3598859 1.3810855 1.3665004 1.4063561 1.4382715 1.4025110 1.3988206 1.4085986 1.4292998 1.4066617 1.3890700 1.3626438 1.4746398 1.3877131 1.4424352 1.4699137 1.4618672 1.4186221 1.4482504 1.4468653 1.4232043 1.4202013 1.4986301 1.3923443 1.3724069 1.4878328 1.5066009 1.5050945 1.4776830 1.4906590 1.4899012 1.5067454 1.4774124 1.4846924 1.4051112 1.4166519 1.5190024 1.4823935 1.4276597 1.4665730 1.4466259 1.4089915 1.4612363 1.4304832 1.5374429 1.5354889 0.9031211 1.3609205 1.1479298 1.3275416 1.4565949 
Schlesneria_paludicola_DSM_18645             1.1960668 1.2210005 1.1391611 0.5988452 0.6316995 0.4485438 0.0000000 0.6617599 0.6134493 0.6161446 0.6455642 0.6502321 0.5879900 0.6811965 0.6862928 0.7096376 0.7429846 0.7626024 0.8925399 0.8534694 0.8404603 0.8597214 0.9080730 0.8825621 0.8970700 0.9117737 0.9181994 0.9187728 0.9233100 0.9154990 0.8894459 0.9043630 0.9052704 0.9153119 0.8901838 0.9076336 0.9087245 0.9219365 0.8748195 0.8885084 0.8798779 0.8924339 0.8929726 0.8824134 0.8967929 0.9024848 0.8745432 0.8978137 1.1582273 1.4837555 1.4651152 1.4363399 1.4283407 1.4675281 1.4233172 1.4227411 1.4826110 1.4695642 1.4920119 1.5270876 1.4736930 1.4795656 1.5034455 1.4601211 1.4632835 1.4564044 1.4138678 1.4925815 1.4349010 1.5195653 1.5034439 1.4879101 1.5112256 1.5473253 1.5580491 1.4824395 1.4860992 1.5726610 1.4792489 1.4745829 1.5634808 1.5852455 1.5706175 1.5636714 1.5561669 1.5693976 1.5761577 1.5467615 1.5518610 1.4856764 1.4850630 1.5588470 1.5140925 1.5385040 1.5155366 1.5197945 1.5133305 1.5126069 1.5005475 1.6427044 1.5853162 1.0327367 1.4442492 1.2189989 1.3901866 1.5221776 
Fuerstia_marisgermanicae                     1.1099858 1.1337516 1.0274098 0.4561689 0.5400682 0.5517601 0.6617599 0.0000000 0.4700057 0.4724783 0.4700144 0.5672388 0.4597630 0.5175829 0.5569092 0.4745433 0.5570697 0.5739868 0.8293971 0.7774839 0.7677029 0.7663702 0.7711462 0.7581738 0.7671415 0.7759637 0.7682721 0.7795721 0.7776588 0.7803314 0.7638235 0.7513218 0.7604509 0.7624989 0.7326440 0.7753226 0.7785837 0.7822272 0.7475472 0.7587810 0.7542156 0.7533754 0.7575801 0.7712003 0.8177370 0.7934624 0.7427246 0.8249717 1.0570459 1.4293792 1.3992525 1.4297122 1.3848321 1.4089933 1.3548621 1.3402246 1.3773758 1.3557277 1.3736323 1.4104325 1.3849947 1.3360265 1.3985097 1.3830386 1.3932703 1.3407914 1.3312450 1.4894932 1.3667155 1.4381471 1.4765558 1.4681579 1.4247005 1.4517229 1.4415656 1.4062956 1.3950118 1.4774723 1.4157088 1.3638783 1.4734647 1.4820222 1.4782516 1.4663412 1.4826563 1.4879107 1.4891062 1.4760658 1.4820660 1.4278259 1.4247407 1.5136859 1.4773923 1.4238050 1.4351727 1.4469436 1.3790933 1.4461822 1.4223143 1.5722201 1.5133048 0.9305602 1.3358303 1.1667617 1.3489079 1.4357100 
Symmachiella_dynata                          1.0471305 1.0950505 0.9697997 0.3992335 0.4442593 0.5125064 0.6134493 0.4700057 0.0000000 0.0091289 0.4606389 0.5031233 0.3862111 0.4776328 0.4991334 0.5010631 0.5528560 0.5774672 0.7461340 0.6945352 0.6761340 0.6775134 0.7127445 0.7009897 0.7009200 0.7120834 0.7077666 0.7170239 0.7267326 0.7152590 0.7159967 0.7008064 0.7101554 0.7050693 0.6713299 0.7097752 0.7174668 0.7198387 0.6747328 0.6770200 0.6909339 0.6883659 0.7030984 0.6857829 0.7421264 0.7373253 0.6689491 0.7531160 1.0092297 1.3697998 1.3299498 1.3563073 1.3354225 1.3620378 1.3012530 1.2666268 1.3662833 1.3200425 1.3629892 1.3875189 1.3291568 1.3574042 1.3846050 1.3601859 1.3888675 1.3283113 1.3119758 1.4626390 1.3635494 1.4627786 1.4423279 1.4035788 1.4022906 1.4355697 1.4263493 1.4048288 1.3960081 1.4451733 1.3964772 1.3433741 1.4782148 1.4681733 1.4645015 1.4656501 1.4707406 1.4742509 1.4820020 1.4645628 1.4689912 1.4172881 1.4109206 1.5035980 1.4435612 1.4272021 1.4606326 1.4358513 1.3953472 1.4236579 1.4051859 1.5506735 1.5190897 0.8915315 1.3112270 1.0787414 1.3222842 1.4062862 
Symmachiella_macrocystis                     1.0461631 1.0965793 0.9639755 0.4033901 0.4436698 0.5163427 0.6161446 0.4724783 0.0091289 0.0000000 0.4625206 0.5044497 0.3858344 0.4841662 0.4995509 0.5049750 0.5579357 0.5817145 0.7411449 0.6900235 0.6737979 0.6742350 0.7118391 0.6976250 0.7025583 0.7138649 0.7082394 0.7142874 0.7233570 0.7129137 0.7131113 0.7018425 0.7109740 0.7047569 0.6687111 0.7105491 0.7190653 0.7211010 0.6781342 0.6790946 0.6902446 0.6890212 0.6999994 0.6828683 0.7390325 0.7348428 0.6648149 0.7488754 1.0112688 1.3634628 1.3257822 1.3550378 1.3344272 1.3627413 1.2965160 1.2577635 1.3548402 1.3155395 1.3562380 1.3905937 1.3215955 1.3462311 1.3755235 1.3455151 1.3853745 1.3266635 1.3016810 1.4518819 1.3559666 1.4550619 1.4326230 1.4002628 1.3999995 1.4317707 1.4217781 1.4006669 1.3950278 1.4457655 1.3903750 1.3298145 1.4758612 1.4630871 1.4607816 1.4624899 1.4671082 1.4693405 1.4770126 1.4613426 1.4702545 1.4113789 1.4035279 1.5010203 1.4490068 1.4264337 1.4601292 1.4373232 1.4030390 1.4306638 1.4031076 1.5499202 1.5194271 0.8965422 1.3042657 1.0839043 1.3136541 1.4021194 
Polystyrenella_longa                         1.0997845 1.1364714 1.0198723 0.4266028 0.4731556 0.5469767 0.6455642 0.4700144 0.4606389 0.4625206 0.0000000 0.5432653 0.4379948 0.4995192 0.5201101 0.4713729 0.5363176 0.5498856 0.8147492 0.7608782 0.7600104 0.7489726 0.7518693 0.7262238 0.7504091 0.7620318 0.7424752 0.7691292 0.7697323 0.7652439 0.7458089 0.7386337 0.7420501 0.7572744 0.7404324 0.7615364 0.7695657 0.7794534 0.7246855 0.7233630 0.7235277 0.7222263 0.7251360 0.7357408 0.8149330 0.7838577 0.7346437 0.8006368 1.0619966 1.4095443 1.3756941 1.3792520 1.3327251 1.3978713 1.3488524 1.2998500 1.3708884 1.3316778 1.3638136 1.3938738 1.3779200 1.3400493 1.3864897 1.3717360 1.3777650 1.3566890 1.3504916 1.4718114 1.3683804 1.4625543 1.4487851 1.4228035 1.4119490 1.4486027 1.4457484 1.4103282 1.3883063 1.4769773 1.4009502 1.3532174 1.4966831 1.5075886 1.4902128 1.4881375 1.4984581 1.4843331 1.5062003 1.4729667 1.4850376 1.4205092 1.4323445 1.5082878 1.4927129 1.4747796 1.5008036 1.4995924 1.4274755 1.4569933 1.4354934 1.5628257 1.5225414 0.9721819 1.3221215 1.1765846 1.2932247 1.3998303 
Caulifigura_coniformis                       1.1602715 1.1913186 1.0283795 0.4922519 0.5021760 0.5383938 0.6502321 0.5672388 0.5031233 0.5044497 0.5432653 0.0000000 0.3655771 0.4343326 0.4254863 0.5304705 0.5914348 0.6136625 0.7776182 0.7685627 0.7457753 0.7578409 0.7915955 0.7724696 0.7606623 0.7905515 0.7885482 0.7962089 0.7981882 0.7829441 0.7605670 0.7513467 0.7579402 0.7751980 0.7385708 0.7853364 0.7902146 0.7975662 0.7494115 0.7525519 0.7624279 0.7649430 0.7729880 0.7528110 0.7947285 0.8105884 0.7512523 0.8265495 1.0551261 1.4405855 1.4214661 1.4122047 1.3859331 1.4356242 1.3296520 1.3380801 1.4018882 1.3929660 1.4173194 1.4566867 1.3915750 1.3859487 1.3995423 1.3998303 1.3779245 1.3735871 1.3476454 1.4716164 1.3742866 1.4639815 1.4691800 1.4425490 1.4406218 1.4785844 1.4737194 1.4653219 1.4385683 1.4655270 1.4374449 1.4008447 1.5411106 1.5223975 1.5194165 1.5255848 1.5390433 1.5349824 1.5429714 1.5114046 1.5210974 1.4691740 1.4766247 1.5651420 1.5094022 1.4812076 1.4926202 1.4797490 1.4438273 1.4800613 1.4755653 1.5777424 1.5699790 0.9007914 1.3864323 1.1620905 1.2550349 1.3542422 
Maioricimonas_rarisocia                      1.0687535 1.1186000 0.9525976 0.4126561 0.3790768 0.4974819 0.5879900 0.4597630 0.3862111 0.3858344 0.4379948 0.3655771 0.0000000 0.3292270 0.3563600 0.4430157 0.5020745 0.5374138 0.7410168 0.7019889 0.6867162 0.6727545 0.7189109 0.7040804 0.7081329 0.7240683 0.7130414 0.7224927 0.7290172 0.7167979 0.7163681 0.7053279 0.7003450 0.7150387 0.6879800 0.7223494 0.7326155 0.7367619 0.6873330 0.6933619 0.7122471 0.7125899 0.7253666 0.6852696 0.7631021 0.7438926 0.6774142 0.7448381 1.0317463 1.3697588 1.3351659 1.3425297 1.3076970 1.3727732 1.3023589 1.2855367 1.3631390 1.3398156 1.3729942 1.4044123 1.3587666 1.3293097 1.3836632 1.3418455 1.3431921 1.3102446 1.3016223 1.4275970 1.3232346 1.4047757 1.4184225 1.3896763 1.3822015 1.4144993 1.4065797 1.3689288 1.3605233 1.4189893 1.3778410 1.3113154 1.4659961 1.4625470 1.4566191 1.4403049 1.4557092 1.4541151 1.4663602 1.4604759 1.4756349 1.4231554 1.4264092 1.5026229 1.4365378 1.3679100 1.4141909 1.4053754 1.3576383 1.4380159 1.4242042 1.5555344 1.4900151 0.8895539 1.2813818 1.1320362 1.2555388 1.3735789 
Thalassoglobus_polymorphus                   1.1219950 1.1643113 1.0298462 0.5031723 0.4860672 0.5625947 0.6811965 0.5175829 0.4776328 0.4841662 0.4995192 0.4343326 0.3292270 0.0000000 0.2832179 0.5133933 0.5969168 0.6112141 0.8095148 0.7819779 0.7466414 0.7654744 0.7656861 0.7311308 0.7566445 0.7559551 0.7691890 0.7603898 0.7728706 0.7648492 0.7642136 0.7614192 0.7594545 0.7732265 0.7523233 0.7842630 0.7919031 0.7876345 0.7355195 0.7213175 0.7538079 0.7530095 0.7639200 0.7525575 0.8216851 0.7872950 0.7475218 0.8242082 1.0687986 1.4573830 1.4019737 1.4038185 1.3745332 1.4338006 1.3428882 1.3112472 1.4029558 1.3614967 1.3808705 1.4165896 1.4037774 1.3810889 1.4403545 1.4073983 1.4312346 1.3784595 1.4090716 1.4553728 1.3784151 1.4545259 1.4569420 1.4394331 1.4367036 1.4751866 1.4654619 1.4153077 1.4219280 1.4349719 1.4115737 1.3725073 1.5403279 1.5385845 1.5394709 1.5342995 1.5320152 1.5512752 1.5440354 1.5216334 1.5399320 1.4941848 1.4879374 1.5791765 1.4960802 1.4550810 1.4811298 1.4712904 1.4308448 1.4861821 1.4633155 1.5992306 1.5340933 0.9476926 1.3565151 1.1639648 1.2666116 1.4405127 
Planctomicrobium_piriforme                   1.1313507 1.1753202 1.0374980 0.5185135 0.5183985 0.5647548 0.6862928 0.5569092 0.4991334 0.4995509 0.5201101 0.4254863 0.3563600 0.2832179 0.0000000 0.5409099 0.6265386 0.6601914 0.8238779 0.7914574 0.7785168 0.7794013 0.8125844 0.8041669 0.8051157 0.8238161 0.8228008 0.8214831 0.8268720 0.8256823 0.8121944 0.8148880 0.8038977 0.8126492 0.7910375 0.8174016 0.8192746 0.8339978 0.7589689 0.7659719 0.7871212 0.7942777 0.8055799 0.8036787 0.8325644 0.8085609 0.7621437 0.8368490 1.0904706 1.4507707 1.4140650 1.3987088 1.3516057 1.4108977 1.3581901 1.3343077 1.3960510 1.4008019 1.4241893 1.4494348 1.3610618 1.4007394 1.4102295 1.4091917 1.3992283 1.3777272 1.3421284 1.4542761 1.3921052 1.4433649 1.4670816 1.4551789 1.4416635 1.4636758 1.4676906 1.4443607 1.4311213 1.4483478 1.4031360 1.3805098 1.5333326 1.5273005 1.5240896 1.5136688 1.5410956 1.5407074 1.5521092 1.5339459 1.5476200 1.4603069 1.4656951 1.5541493 1.5525365 1.4842438 1.5069200 1.4914045 1.4335698 1.5024352 1.4676018 1.6000859 1.5956678 0.9690736 1.4024823 1.1847521 1.3314871 1.4126680 
Calycomorphotria_hydatis                     1.1124335 1.1708707 1.0484355 0.4574530 0.5013789 0.5717165 0.7096376 0.4745433 0.5010631 0.5049750 0.4713729 0.5304705 0.4430157 0.5133933 0.5409099 0.0000000 0.4149472 0.4201740 0.8326517 0.8112345 0.7715299 0.7449641 0.7897235 0.7468426 0.7637660 0.7747722 0.7653739 0.7570217 0.7660585 0.7617198 0.7689621 0.7514017 0.7469620 0.7877720 0.7621334 0.7696202 0.7827943 0.7757951 0.7417852 0.7312365 0.7428043 0.7442034 0.7656543 0.7584084 0.8354897 0.7938885 0.7575707 0.8116120 1.0821888 1.4421433 1.4227387 1.3588522 1.3402632 1.4432850 1.3474273 1.3529991 1.3841150 1.3403999 1.3632247 1.4134139 1.4079911 1.3494612 1.4036174 1.3707792 1.4161861 1.3799282 1.3525357 1.4825425 1.3907610 1.4621812 1.4876788 1.4524859 1.4558400 1.4913844 1.4828603 1.4207160 1.4235252 1.4570973 1.4382187 1.3939718 1.5289569 1.5160958 1.5075236 1.5233527 1.5329779 1.5196766 1.5231735 1.5056945 1.5219044 1.4789540 1.4830449 1.5665368 1.4861633 1.4393955 1.4630927 1.4640768 1.3890760 1.4443947 1.4267130 1.5732205 1.5414863 0.9737386 1.3457948 1.1585468 1.2531044 1.4489522 
Alienimonas_californiensis                   1.2222664 1.2758516 1.0795531 0.5215172 0.5671513 0.6357799 0.7429846 0.5570697 0.5528560 0.5579357 0.5363176 0.5914348 0.5020745 0.5969168 0.6265386 0.4149472 0.0000000 0.0537046 0.8386702 0.8364930 0.8263304 0.8175912 0.8487857 0.8102709 0.8243928 0.8438359 0.8372470 0.8334231 0.8284691 0.8340250 0.8261562 0.8141456 0.8136116 0.8388509 0.8188863 0.8392500 0.8524409 0.8659279 0.8104821 0.8056841 0.8462571 0.8388127 0.8538832 0.8431099 0.9070261 0.8678425 0.8221564 0.8779664 1.1454509 1.5075253 1.4907980 1.4481305 1.3901438 1.4828388 1.4059992 1.3787544 1.4068630 1.4086253 1.4246080 1.4506982 1.4437408 1.4321884 1.4520311 1.4271414 1.4449323 1.4239992 1.3644146 1.4979033 1.4177926 1.5031238 1.5039685 1.4577168 1.4936891 1.5290077 1.5182605 1.4468672 1.4229675 1.4760319 1.4358530 1.3726203 1.5646761 1.5614019 1.5541513 1.5521767 1.5576654 1.5518061 1.5742527 1.5221310 1.5322034 1.4822738 1.4747404 1.5357764 1.5184842 1.4711282 1.4985790 1.4759481 1.4396237 1.5098386 1.4771842 1.6345176 1.5798924 1.0262828 1.4197190 1.2002499 1.3507237 1.4316798 
Alienimonas_chondri                          1.2259178 1.2905767 1.0987776 0.5415751 0.5941371 0.6659955 0.7626024 0.5739868 0.5774672 0.5817145 0.5498856 0.6136625 0.5374138 0.6112141 0.6601914 0.4201740 0.0537046 0.0000000 0.8714123 0.8662562 0.8596240 0.8380016 0.8682516 0.8262192 0.8346161 0.8523036 0.8518555 0.8497197 0.8455348 0.8522072 0.8348483 0.8222467 0.8228206 0.8478381 0.8420591 0.8586398 0.8649473 0.8849296 0.8320524 0.8206683 0.8532188 0.8503748 0.8644377 0.8639509 0.9247905 0.8779415 0.8467240 0.8685496 1.1737721 1.5153588 1.4939783 1.4479630 1.3966112 1.5025010 1.4105270 1.3779024 1.4138812 1.4068266 1.4085561 1.4479742 1.4348509 1.4220881 1.4509806 1.4231512 1.4453271 1.4417236 1.3614471 1.4973051 1.4063012 1.4774107 1.5048494 1.4391775 1.4937022 1.4993328 1.4955594 1.4318449 1.4089397 1.4743804 1.4342881 1.3606893 1.5520845 1.5618526 1.5501844 1.5444301 1.5570726 1.5388224 1.5608201 1.5287156 1.5368767 1.4734349 1.4620966 1.5265227 1.5197855 1.4627092 1.4939249 1.4719087 1.4414881 1.5141696 1.4814406 1.6331425 1.5825001 1.0531044 1.4172060 1.1944922 1.3616913 1.4557638 
Isosphaera_pallida_ATCC_43644                1.0201069 1.0619454 0.9741535 0.7900776 0.8099013 0.7841034 0.8925399 0.8293971 0.7461340 0.7411449 0.8147492 0.7776182 0.7410168 0.8095148 0.8238779 0.8326517 0.8386702 0.8714123 0.0000000 0.3325645 0.3075680 0.3640009 0.8244665 0.8097503 0.8279239 0.8289975 0.8342756 0.8367506 0.8411190 0.8196307 0.8285304 0.7925238 0.8096729 0.8177035 0.8155631 0.8178317 0.8178398 0.8229410 0.8190243 0.8141028 0.8161393 0.8062528 0.8262842 0.7848656 0.8465816 0.8452232 0.7603817 0.7577565 1.0479478 1.3864777 1.3671686 1.3484268 1.3500030 1.3701251 1.2748579 1.2933687 1.3334786 1.3161579 1.3427977 1.3512731 1.2918344 1.2730411 1.3289473 1.3005113 1.2906720 1.3219494 1.2894235 1.3523422 1.2747202 1.3688924 1.3805836 1.3339378 1.3230104 1.3577291 1.3473445 1.3076629 1.3114455 1.3811577 1.3145704 1.2919325 1.4435499 1.4344331 1.4273810 1.4324774 1.4448756 1.4199898 1.4309079 1.3879036 1.3943983 1.3687784 1.3743113 1.5071102 1.4851230 1.4565758 1.4514611 1.4416968 1.3947551 1.4036778 1.4207380 1.5448040 1.5339954 0.8057354 1.2425894 1.1452059 1.2635673 1.3075901 
Paludisphaera_borealis                       1.0014297 1.0385478 0.9704202 0.7365880 0.7558666 0.7390426 0.8534694 0.7774839 0.6945352 0.6900235 0.7608782 0.7685627 0.7019889 0.7819779 0.7914574 0.8112345 0.8364930 0.8662562 0.3325645 0.0000000 0.1984113 0.3083648 0.8093253 0.7953377 0.7946380 0.8138558 0.8051303 0.8137595 0.8217675 0.8212314 0.8165284 0.7905592 0.8135105 0.8239301 0.8029666 0.8023005 0.8101901 0.8144515 0.7908326 0.7807978 0.7935809 0.7820070 0.7997356 0.7443526 0.7960137 0.8215649 0.7326508 0.7575552 1.0003629 1.3557669 1.3578416 1.3328349 1.3245277 1.3841835 1.2592514 1.2802710 1.3193240 1.3072868 1.3297897 1.3399902 1.3144437 1.2872493 1.3335025 1.3566767 1.3051134 1.3552112 1.3192783 1.3935048 1.3213228 1.4038526 1.4048467 1.3543633 1.3648733 1.4132483 1.4030769 1.3506823 1.3420527 1.4118887 1.3674758 1.3518999 1.5015917 1.4820726 1.4731175 1.4958918 1.4952559 1.4846807 1.4857118 1.4551693 1.4584193 1.4424031 1.4368434 1.5060683 1.4820236 1.4589170 1.4460786 1.4426816 1.4324159 1.4277845 1.4342787 1.5529451 1.5616908 0.8165019 1.2255729 1.1461252 1.2356744 1.3656640 
Singulisphaera_acidiphila_DSM_18658          0.9965531 1.0545188 0.9460796 0.7253296 0.7430693 0.7352317 0.8404603 0.7677029 0.6761340 0.6737979 0.7600104 0.7457753 0.6867162 0.7466414 0.7785168 0.7715299 0.8263304 0.8596240 0.3075680 0.1984113 0.0000000 0.2720270 0.7788977 0.7797422 0.7773092 0.8012930 0.7927721 0.8072855 0.8147073 0.7957836 0.7943958 0.7621095 0.7840730 0.7830282 0.7834909 0.7745115 0.7752277 0.7925298 0.7809072 0.7800984 0.7615257 0.7630488 0.7692195 0.7264570 0.7855474 0.8102897 0.7098117 0.7283199 1.0168910 1.3589379 1.3571125 1.3202597 1.2840749 1.3826745 1.2645600 1.2715947 1.3414350 1.3238605 1.3510009 1.3530731 1.3354687 1.3056717 1.3715240 1.3581898 1.3327206 1.3669731 1.3370969 1.4000493 1.3216525 1.4106882 1.4192544 1.3494348 1.3466306 1.3824171 1.3825670 1.3583410 1.3406781 1.3923764 1.3644408 1.3409483 1.5077488 1.4917560 1.4773922 1.4945962 1.4882441 1.4973076 1.4996609 1.4656607 1.4765715 1.4422895 1.4489708 1.4952826 1.4991406 1.4804105 1.4686916 1.4620765 1.4514518 1.4356506 1.4496544 1.5631363 1.5478420 0.7929074 1.2325175 1.1436627 1.2816238 1.3873852 
Tautonia_marina                              1.0080637 1.0746953 0.9490705 0.7261759 0.7292001 0.7522889 0.8597214 0.7663702 0.6775134 0.6742350 0.7489726 0.7578409 0.6727545 0.7654744 0.7794013 0.7449641 0.8175912 0.8380016 0.3640009 0.3083648 0.2720270 0.0000000 0.7801932 0.7728878 0.7761793 0.7889498 0.7818387 0.7901458 0.7904637 0.7891848 0.7793622 0.7550381 0.7617228 0.7651009 0.7616747 0.7705315 0.7704159 0.7851544 0.7581185 0.7522678 0.7577008 0.7576654 0.7624153 0.7275005 0.7931522 0.7892417 0.7254835 0.7147076 0.9798232 1.3709589 1.3581077 1.3224782 1.2985051 1.3899140 1.2502781 1.2617615 1.2935853 1.2913680 1.3242573 1.3284313 1.3253088 1.3047548 1.3525618 1.2993758 1.3414365 1.3423109 1.3187482 1.3969651 1.3356687 1.3951821 1.4061580 1.3549449 1.3379032 1.3682376 1.3712465 1.3496818 1.3371126 1.3985656 1.3345694 1.3123273 1.4902406 1.4685849 1.4625351 1.4778078 1.4771422 1.4603243 1.4739775 1.4367711 1.4382168 1.4161296 1.4247476 1.4939979 1.4986815 1.4727309 1.4485697 1.4521283 1.4293197 1.4274298 1.4323193 1.5562951 1.5436351 0.7765808 1.1973489 1.0943848 1.2323297 1.3971782 
Rhodopirellula_baltica_SH_1                  1.1362616 1.1992696 1.0441713 0.7584622 0.7691317 0.7780417 0.9080730 0.7711462 0.7127445 0.7118391 0.7518693 0.7915955 0.7189109 0.7656861 0.8125844 0.7897235 0.8487857 0.8682516 0.8244665 0.8093253 0.7788977 0.7801932 0.0000000 0.1641498 0.1643944 0.1688158 0.1693888 0.1777101 0.1788477 0.1847712 0.1868275 0.2269837 0.2186591 0.2371654 0.2286741 0.3098701 0.3082882 0.3115508 0.4962267 0.4888038 0.4940638 0.4878820 0.5025830 0.5040866 0.5342324 0.4970568 0.5143377 0.6480886 1.0748076 1.4492631 1.4145193 1.3604845 1.3530653 1.4298315 1.3511775 1.3199084 1.3519506 1.3419593 1.3725924 1.4252598 1.3601002 1.3364027 1.4055601 1.3567221 1.3840399 1.3631866 1.3709383 1.4786735 1.3892230 1.4399069 1.4598844 1.4210369 1.3980054 1.4205241 1.4366615 1.3902125 1.3856013 1.4706607 1.3827135 1.3315887 1.4689904 1.4875047 1.4778553 1.4773635 1.4947026 1.4779601 1.4967793 1.4634992 1.4667638 1.4337658 1.4405569 1.4863563 1.4762912 1.4362234 1.4797069 1.4491683 1.4103671 1.4475805 1.4340273 1.5732116 1.5118517 0.9591041 1.3431846 1.1914947 1.3792655 1.3347553 
Crateriforma_conspicua                       1.1182092 1.1984813 1.0267486 0.7330020 0.7422211 0.7696940 0.8825621 0.7581738 0.7009897 0.6976250 0.7262238 0.7724696 0.7040804 0.7311308 0.8041669 0.7468426 0.8102709 0.8262192 0.8097503 0.7953377 0.7797422 0.7728878 0.1641498 0.0000000 0.1645883 0.1603934 0.1644928 0.1750517 0.1790717 0.1762452 0.1845588 0.2035123 0.1999680 0.2201970 0.2319926 0.2836128 0.2815962 0.2820773 0.4685128 0.4624044 0.4672381 0.4611926 0.4698872 0.4940522 0.5205120 0.4771732 0.5140868 0.6224806 1.0415512 1.4402286 1.4022976 1.3401222 1.3143466 1.3968174 1.3211043 1.2693845 1.3330439 1.2934600 1.3167749 1.3694309 1.3534066 1.3256186 1.3815458 1.3406307 1.3587833 1.3501762 1.3532423 1.4516957 1.3462836 1.4346872 1.4578079 1.4055870 1.3848128 1.4291308 1.4298047 1.3836540 1.3723176 1.4823971 1.4042163 1.3493173 1.4839095 1.4935095 1.4743380 1.4972181 1.4983133 1.4719786 1.4804966 1.4837785 1.4821775 1.4485130 1.4332863 1.4969522 1.4692161 1.4313234 1.4508574 1.4516398 1.4227739 1.4300907 1.4362293 1.5481757 1.5466994 0.9436493 1.3318525 1.1524076 1.3472629 1.3820909 
Novipirellula_aureliae                       1.1279434 1.2167934 1.0217278 0.7347893 0.7543234 0.7764583 0.8970700 0.7671415 0.7009200 0.7025583 0.7504091 0.7606623 0.7081329 0.7566445 0.8051157 0.7637660 0.8243928 0.8346161 0.8279239 0.7946380 0.7773092 0.7761793 0.1643944 0.1645883 0.0000000 0.0707782 0.1008467 0.1615313 0.1686339 0.1746190 0.1638962 0.2059203 0.2019082 0.2216738 0.2199358 0.2736444 0.2740707 0.2776267 0.4873220 0.4929330 0.4773670 0.4731348 0.4890614 0.5122900 0.5115952 0.4987413 0.5085790 0.6460671 1.0655500 1.4430460 1.4036210 1.3619268 1.3439617 1.3931929 1.3402773 1.2923185 1.3408550 1.3004289 1.3259750 1.3799969 1.3501994 1.3520037 1.4135718 1.3453331 1.3777840 1.3528060 1.3773145 1.4717863 1.3860508 1.4423982 1.4515547 1.4180659 1.3958429 1.4225204 1.4221587 1.3927606 1.3849633 1.4924008 1.4054239 1.3508213 1.4938847 1.4909974 1.4814179 1.5071552 1.5055227 1.4980184 1.5087814 1.4960483 1.4911136 1.4623248 1.4609503 1.5068301 1.4760063 1.4266159 1.4480601 1.4493492 1.4080384 1.4239040 1.4210964 1.5710839 1.5190723 0.9542059 1.3477061 1.1736447 1.3762812 1.3637983 
Novipirellula_artificiosorum                 1.1397417 1.2262819 1.0488775 0.7374919 0.7695047 0.7879169 0.9117737 0.7759637 0.7120834 0.7138649 0.7620318 0.7905515 0.7240683 0.7559551 0.8238161 0.7747722 0.8438359 0.8523036 0.8289975 0.8138558 0.8012930 0.7889498 0.1688158 0.1603934 0.0707782 0.0000000 0.1017920 0.1668889 0.1710801 0.1816677 0.1623119 0.2143958 0.2080770 0.2240728 0.2282770 0.2775827 0.2789686 0.2821678 0.4887642 0.4948511 0.4855533 0.4819670 0.4911602 0.5193248 0.5202268 0.5044187 0.5051759 0.6724860 1.0808075 1.4628904 1.4244899 1.3708251 1.3616400 1.3916785 1.3549167 1.3126711 1.3523627 1.3206692 1.3541569 1.3932732 1.3775256 1.3678858 1.4162848 1.3530464 1.4109047 1.3624265 1.3725481 1.4934305 1.3890104 1.4582703 1.4639906 1.4200034 1.4166950 1.4351167 1.4431589 1.3970723 1.3983960 1.4812434 1.3832115 1.3464217 1.5044395 1.5133178 1.5059559 1.5258126 1.5364865 1.5146500 1.5257958 1.5081976 1.5054743 1.4818568 1.4742804 1.5124461 1.4962383 1.4468387 1.4748562 1.4679718 1.4457153 1.4373205 1.4357543 1.5767012 1.5396441 0.9640093 1.3505258 1.1880199 1.3478069 1.3670170 
Novipirellula_galeiformis                    1.1335713 1.2138082 1.0173679 0.7457427 0.7601329 0.7895992 0.9181994 0.7682721 0.7077666 0.7082394 0.7424752 0.7885482 0.7130414 0.7691890 0.8228008 0.7653739 0.8372470 0.8518555 0.8342756 0.8051303 0.7927721 0.7818387 0.1693888 0.1644928 0.1008467 0.1017920 0.0000000 0.1733708 0.1770634 0.1765901 0.1710296 0.2111789 0.2099063 0.2187564 0.2182348 0.2753821 0.2726859 0.2763576 0.4835026 0.4873588 0.4945827 0.4901947 0.5017378 0.5080197 0.5333292 0.4987324 0.5141527 0.6573883 1.0723838 1.4553458 1.4003029 1.3717499 1.3582547 1.3990601 1.3614102 1.2962542 1.3585962 1.3227420 1.3601959 1.3963179 1.3668925 1.3591506 1.4220496 1.3634692 1.3875286 1.3700615 1.3779308 1.4814387 1.3907994 1.4458837 1.4453414 1.4228799 1.3912139 1.4114313 1.4231930 1.3968418 1.3855774 1.4977845 1.4006534 1.3336721 1.4932878 1.4907482 1.4797124 1.5033172 1.5154471 1.4911518 1.4964303 1.4893331 1.4875679 1.4507412 1.4477160 1.4933987 1.4925471 1.4595278 1.4781664 1.4720990 1.4237782 1.4259285 1.4213627 1.5539786 1.5362389 0.9724223 1.3644786 1.1731482 1.3995387 1.3965726 
Stieleria_maiorica                           1.1305593 1.2175304 1.0274407 0.7408443 0.7670416 0.7926604 0.9187728 0.7795721 0.7170239 0.7142874 0.7691292 0.7962089 0.7224927 0.7603898 0.8214831 0.7570217 0.8334231 0.8497197 0.8367506 0.8137595 0.8072855 0.7901458 0.1777101 0.1750517 0.1615313 0.1668889 0.1733708 0.0000000 0.0245683 0.0841328 0.1334780 0.2264569 0.2222306 0.2401095 0.2368500 0.2764782 0.2809087 0.2805857 0.4918548 0.4894075 0.4874328 0.4868106 0.5000684 0.5067950 0.5381527 0.5027056 0.5141347 0.6365636 1.0380807 1.4521478 1.4122312 1.3763928 1.3713189 1.4013052 1.3477996 1.3026677 1.3589044 1.3346196 1.3522036 1.3995893 1.3495844 1.3484830 1.3986672 1.3574672 1.3992525 1.3680135 1.3780590 1.4504159 1.3636179 1.4271007 1.4461060 1.4100330 1.3915665 1.4311970 1.4367098 1.3604105 1.3547870 1.4585178 1.3837878 1.3192574 1.4719872 1.4678768 1.4617134 1.4879904 1.4837477 1.4797729 1.4839460 1.4682998 1.4637753 1.4301048 1.4265544 1.5144280 1.4550846 1.4102848 1.4449218 1.4182981 1.3955049 1.3990923 1.4059756 1.5394544 1.5219403 0.9700577 1.3565091 1.1510101 1.3594138 1.3405553 
Stieleria_neptunia                           1.1316987 1.2115723 1.0276321 0.7487144 0.7706907 0.7998206 0.9233100 0.7776588 0.7267326 0.7233570 0.7697323 0.7981882 0.7290172 0.7728706 0.8268720 0.7660585 0.8284691 0.8455348 0.8411190 0.8217675 0.8147073 0.7904637 0.1788477 0.1790717 0.1686339 0.1710801 0.1770634 0.0245683 0.0000000 0.0838001 0.1334678 0.2308450 0.2278567 0.2415271 0.2386332 0.2834260 0.2857774 0.2867752 0.4969049 0.4972800 0.4937411 0.4887035 0.5034065 0.5152164 0.5432208 0.5060054 0.5153289 0.6444618 1.0503390 1.4590950 1.4302592 1.3807095 1.3680234 1.4132172 1.3524789 1.3065162 1.3588126 1.3229247 1.3434372 1.3949354 1.3574962 1.3485547 1.3991935 1.3665789 1.3990730 1.3709174 1.3706370 1.4510497 1.3630480 1.4285657 1.4448021 1.4130256 1.3860306 1.4341961 1.4352499 1.3556064 1.3591099 1.4615793 1.3770218 1.3072922 1.4862734 1.4776232 1.4761298 1.4982047 1.5011974 1.4961084 1.5069115 1.4825832 1.4766839 1.4438973 1.4369378 1.5148150 1.4703849 1.4314508 1.4578299 1.4296306 1.4060545 1.4097402 1.4147710 1.5438317 1.5327923 0.9643914 1.3591138 1.1682792 1.3704488 1.3437057 
Roseiconus_lacunae                           1.1280662 1.2024761 1.0271857 0.7428502 0.7693492 0.7844646 0.9154990 0.7803314 0.7152590 0.7129137 0.7652439 0.7829441 0.7167979 0.7648492 0.8256823 0.7617198 0.8340250 0.8522072 0.8196307 0.8212314 0.7957836 0.7891848 0.1847712 0.1762452 0.1746190 0.1816677 0.1765901 0.0841328 0.0838001 0.0000000 0.1402475 0.2351668 0.2326971 0.2458936 0.2335076 0.2946846 0.2944937 0.3020887 0.5011218 0.4971518 0.4879255 0.4905019 0.4980398 0.5101859 0.5595209 0.4826993 0.5246438 0.6426489 1.0568037 1.4534589 1.4152726 1.3630298 1.3578647 1.4325632 1.3332346 1.2962163 1.3508918 1.3045460 1.3266195 1.3920168 1.3446613 1.3364262 1.4048173 1.3675970 1.3869176 1.3598681 1.3636841 1.4610813 1.3575468 1.4341342 1.4533353 1.4162133 1.3775477 1.4292914 1.4248919 1.3776433 1.3667807 1.4491758 1.3604890 1.3131710 1.4505648 1.4488012 1.4450885 1.4599457 1.4645965 1.4573137 1.4730303 1.4493294 1.4472994 1.4170057 1.4179106 1.4828898 1.4311182 1.3908355 1.4272616 1.4121709 1.3607390 1.3863707 1.3989202 1.5116849 1.4917091 0.9407476 1.3381328 1.1559432 1.3610146 1.3579723 
Stieleria_varia                              1.1205706 1.2165798 1.0435681 0.7443640 0.7705049 0.7757083 0.8894459 0.7638235 0.7159967 0.7131113 0.7458089 0.7605670 0.7163681 0.7642136 0.8121944 0.7689621 0.8261562 0.8348483 0.8285304 0.8165284 0.7943958 0.7793622 0.1868275 0.1845588 0.1638962 0.1623119 0.1710296 0.1334780 0.1334678 0.1402475 0.0000000 0.2200910 0.2180944 0.2313970 0.2305124 0.2838546 0.2853164 0.2868303 0.4863929 0.4867526 0.4979771 0.4946905 0.5047033 0.5019836 0.5149417 0.4991380 0.5300338 0.6349780 1.0718897 1.4343043 1.4191895 1.3550025 1.3223971 1.4088111 1.3575479 1.3099783 1.3622093 1.3276312 1.3606394 1.4122965 1.3792985 1.3671948 1.4373774 1.3691953 1.3995527 1.3721332 1.3456132 1.4778843 1.3786296 1.4640773 1.4767205 1.4083583 1.3960270 1.4399774 1.4475280 1.4010363 1.3942790 1.4870285 1.4105060 1.3436652 1.4852249 1.4932323 1.4806501 1.5002023 1.5028165 1.4790565 1.4952205 1.4879994 1.4803407 1.4522507 1.4556866 1.5182160 1.4620562 1.4419369 1.4765238 1.4729295 1.4057153 1.4264911 1.4447763 1.5720383 1.5419451 0.9608877 1.3405858 1.2019454 1.3696932 1.3683760 
Roseimaritima_sp._JC651                      1.1007411 1.1796969 1.0161373 0.7199342 0.7541167 0.7619627 0.9043630 0.7513218 0.7008064 0.7018425 0.7386337 0.7513467 0.7053279 0.7614192 0.8148880 0.7514017 0.8141456 0.8222467 0.7925238 0.7905592 0.7621095 0.7550381 0.2269837 0.2035123 0.2059203 0.2143958 0.2111789 0.2264569 0.2308450 0.2351668 0.2200910 0.0000000 0.0548666 0.0982848 0.1994074 0.2506793 0.2468057 0.2532354 0.4616562 0.4550352 0.4621754 0.4568122 0.4669108 0.4937828 0.5094379 0.4811260 0.4929870 0.6184281 1.0378553 1.4150605 1.3862752 1.3461592 1.3315080 1.3925444 1.3149870 1.2805144 1.3203483 1.3013935 1.3336142 1.3642222 1.3277589 1.3223387 1.3643031 1.3247617 1.3502250 1.3418828 1.3488569 1.4483435 1.3637725 1.4340946 1.4206476 1.3794993 1.3895929 1.4157737 1.4128110 1.3390175 1.3308769 1.4313014 1.3598153 1.2940512 1.4774371 1.4751199 1.4618899 1.4682097 1.4726932 1.4721361 1.4835018 1.4504152 1.4537773 1.4009158 1.4091699 1.4759021 1.4513184 1.4049612 1.4525355 1.4361717 1.3878706 1.4091907 1.3791964 1.5436577 1.5121497 0.9222317 1.2982107 1.1542023 1.3574643 1.3206124 
Roseimaritima_ulvae                          1.0960522 1.1849309 1.0284254 0.7226785 0.7434111 0.7651045 0.9052704 0.7604509 0.7101554 0.7109740 0.7420501 0.7579402 0.7003450 0.7594545 0.8038977 0.7469620 0.8136116 0.8228206 0.8096729 0.8135105 0.7840730 0.7617228 0.2186591 0.1999680 0.2019082 0.2080770 0.2099063 0.2222306 0.2278567 0.2326971 0.2180944 0.0548666 0.0000000 0.0853147 0.2033623 0.2583290 0.2576406 0.2640808 0.4597860 0.4569171 0.4685935 0.4666307 0.4757058 0.4975741 0.5045207 0.4835347 0.4967224 0.6372505 1.0480036 1.4189330 1.3929430 1.3468627 1.3369421 1.4002185 1.3337671 1.2898602 1.3351547 1.3202923 1.3531227 1.3820420 1.3197605 1.3247529 1.3740110 1.3110867 1.3474194 1.3377079 1.3449519 1.4644144 1.3833759 1.4560553 1.4484526 1.3870466 1.4052722 1.4179886 1.4227695 1.3542217 1.3604801 1.4402525 1.3765526 1.2994954 1.4932223 1.4854885 1.4770647 1.4822768 1.4791958 1.4832891 1.4914442 1.4616057 1.4648510 1.4040605 1.4087601 1.4729600 1.4522642 1.4044473 1.4477634 1.4265178 1.3904129 1.4175368 1.4049599 1.5464106 1.5228174 0.9453456 1.3209391 1.1641038 1.3971170 1.3505926 
Roseimaritima_multifibrata                   1.1205823 1.1969645 1.0334638 0.7370842 0.7669313 0.7877556 0.9153119 0.7624989 0.7050693 0.7047569 0.7572744 0.7751980 0.7150387 0.7732265 0.8126492 0.7877720 0.8388509 0.8478381 0.8177035 0.8239301 0.7830282 0.7651009 0.2371654 0.2201970 0.2216738 0.2240728 0.2187564 0.2401095 0.2415271 0.2458936 0.2313970 0.0982848 0.0853147 0.0000000 0.2254565 0.2837071 0.2792795 0.2789194 0.4674705 0.4670210 0.4874277 0.4920936 0.4909916 0.5253748 0.5258455 0.5000182 0.5148225 0.6552089 1.0801291 1.4457145 1.4135528 1.3625501 1.3505941 1.3970246 1.3478687 1.3014304 1.3505258 1.3256768 1.3664455 1.3850492 1.3385002 1.3331921 1.3788326 1.3332319 1.3658472 1.3462343 1.3152779 1.4766612 1.3864161 1.4378755 1.4610332 1.4053046 1.4020725 1.4078796 1.4211322 1.3571885 1.3507432 1.4567722 1.3684811 1.3170250 1.4994928 1.4873955 1.4747629 1.4882956 1.4866636 1.4789449 1.4928277 1.4649781 1.4647306 1.4206960 1.4249407 1.4911828 1.4778797 1.4295932 1.4449594 1.4439008 1.4141589 1.4328588 1.4191188 1.5646583 1.5257194 0.9522198 1.3283866 1.1595062 1.3662001 1.3326451 
Candidatus_Laterigemmans_baculatus           1.1151147 1.1995401 1.0081713 0.7047339 0.7362453 0.7542739 0.8901838 0.7326440 0.6713299 0.6687111 0.7404324 0.7385708 0.6879800 0.7523233 0.7910375 0.7621334 0.8188863 0.8420591 0.8155631 0.8029666 0.7834909 0.7616747 0.2286741 0.2319926 0.2199358 0.2282770 0.2182348 0.2368500 0.2386332 0.2335076 0.2305124 0.1994074 0.2033623 0.2254565 0.0000000 0.2593539 0.2540243 0.2604256 0.4598882 0.4552066 0.4671602 0.4653055 0.4755385 0.4997117 0.4988688 0.4711553 0.5026394 0.6342740 1.0667998 1.4497208 1.4006795 1.3667284 1.3265165 1.4071214 1.3344720 1.2917199 1.3291970 1.3026155 1.3366044 1.3727328 1.3473021 1.3176218 1.3794054 1.3531855 1.3620814 1.3238232 1.3355912 1.4610699 1.3744019 1.4217792 1.4320994 1.3857684 1.3963370 1.4257419 1.4276210 1.3659207 1.3605329 1.4426838 1.3811496 1.3144686 1.4626201 1.4736735 1.4643415 1.4791900 1.4660923 1.4627644 1.4775778 1.4448556 1.4454002 1.4154511 1.4183273 1.4741799 1.4687823 1.4256811 1.4659921 1.4469714 1.4020995 1.4223936 1.4440062 1.5681875 1.5208597 0.9248034 1.3028525 1.1360132 1.3720584 1.3077717 
Rosistilla_carotiformis                      1.1043255 1.1984059 1.0013854 0.7396813 0.7652694 0.7804493 0.9076336 0.7753226 0.7097752 0.7105491 0.7615364 0.7853364 0.7223494 0.7842630 0.8174016 0.7696202 0.8392500 0.8586398 0.8178317 0.8023005 0.7745115 0.7705315 0.3098701 0.2836128 0.2736444 0.2775827 0.2753821 0.2764782 0.2834260 0.2946846 0.2838546 0.2506793 0.2583290 0.2837071 0.2593539 0.0000000 0.0237398 0.0269739 0.4861813 0.4864178 0.4860731 0.4863842 0.4978209 0.5144608 0.4822774 0.4971473 0.5134637 0.6416572 1.0591228 1.4254912 1.4106789 1.3790260 1.3661516 1.4524951 1.3411193 1.3232363 1.3776362 1.3310627 1.3647579 1.4090583 1.3631142 1.3481271 1.4119235 1.3567641 1.3922320 1.3605005 1.3494345 1.4483786 1.3647087 1.4429294 1.4418636 1.3947477 1.3877060 1.4313830 1.4250350 1.4027809 1.3901064 1.4706788 1.4007777 1.3440055 1.5001745 1.4924466 1.4825239 1.4985762 1.4921506 1.4769061 1.4844932 1.4716593 1.4752827 1.4579894 1.4568795 1.5027733 1.4942088 1.4571704 1.4702906 1.4566030 1.4098569 1.4225920 1.4427336 1.5743909 1.5554173 0.9710290 1.3599982 1.1711694 1.3862150 1.3988877 
